(kicad_pcb (version 20171130) (host pcbnew "(5.1.2)-2")

  (general
    (thickness 1.6)
    (drawings 0)
    (tracks 0)
    (zones 0)
    (modules 26)
    (nets 49)
  )

  (page A4)
  (layers
    (0 F.Cu signal)
    (31 B.Cu signal)
    (32 B.Adhes user)
    (33 F.Adhes user)
    (34 B.Paste user)
    (35 F.Paste user)
    (36 B.SilkS user)
    (37 F.SilkS user)
    (38 B.Mask user)
    (39 F.Mask user)
    (40 Dwgs.User user)
    (41 Cmts.User user)
    (42 Eco1.User user)
    (43 Eco2.User user)
    (44 Edge.Cuts user)
    (45 Margin user)
    (46 B.CrtYd user)
    (47 F.CrtYd user)
    (48 B.Fab user)
    (49 F.Fab user hide)
  )

  (setup
    (last_trace_width 0.25)
    (trace_clearance 0.2)
    (zone_clearance 0.508)
    (zone_45_only no)
    (trace_min 0.2)
    (via_size 0.8)
    (via_drill 0.4)
    (via_min_size 0.4)
    (via_min_drill 0.3)
    (uvia_size 0.3)
    (uvia_drill 0.1)
    (uvias_allowed no)
    (uvia_min_size 0.2)
    (uvia_min_drill 0.1)
    (edge_width 0.05)
    (segment_width 0.2)
    (pcb_text_width 0.3)
    (pcb_text_size 1.5 1.5)
    (mod_edge_width 0.12)
    (mod_text_size 1 1)
    (mod_text_width 0.15)
    (pad_size 1.524 1.524)
    (pad_drill 0.762)
    (pad_to_mask_clearance 0.051)
    (solder_mask_min_width 0.25)
    (aux_axis_origin 0 0)
    (visible_elements FFFFFF7F)
    (pcbplotparams
      (layerselection 0x010fc_ffffffff)
      (usegerberextensions false)
      (usegerberattributes false)
      (usegerberadvancedattributes false)
      (creategerberjobfile false)
      (excludeedgelayer true)
      (linewidth 0.100000)
      (plotframeref false)
      (viasonmask false)
      (mode 1)
      (useauxorigin false)
      (hpglpennumber 1)
      (hpglpenspeed 20)
      (hpglpendiameter 15.000000)
      (psnegative false)
      (psa4output false)
      (plotreference true)
      (plotvalue true)
      (plotinvisibletext false)
      (padsonsilk false)
      (subtractmaskfromsilk false)
      (outputformat 1)
      (mirror false)
      (drillshape 1)
      (scaleselection 1)
      (outputdirectory ""))
  )

  (net 0 "")
  (net 1 GND)
  (net 2 "Net-(C9-Pad1)")
  (net 3 "Net-(C10-Pad1)")
  (net 4 "Net-(C13-Pad1)")
  (net 5 +3V3)
  (net 6 "Net-(C2-Pad1)")
  (net 7 "Net-(C1-Pad1)")
  (net 8 "Net-(IC1-Pad5)")
  (net 9 "Net-(IC1-Pad7)")
  (net 10 "Net-(IC2-Pad1)")
  (net 11 /DAC/LEFT)
  (net 12 -5V)
  (net 13 +5V)
  (net 14 "Net-(IC2-Pad7)")
  (net 15 "Net-(J1-Pad20)")
  (net 16 /SPDIF)
  (net 17 "Net-(J1-Pad18)")
  (net 18 /MUTE)
  (net 19 /DAC/DIN)
  (net 20 /DAC/BCLK)
  (net 21 /DAC/LRCLK)
  (net 22 "Net-(J1-Pad10)")
  (net 23 /D64)
  (net 24 /DSDOE)
  (net 25 /F0)
  (net 26 /F1)
  (net 27 /F2)
  (net 28 "Net-(J1-Pad2)")
  (net 29 /F3)
  (net 30 "Net-(JP1-Pad2)")
  (net 31 "Net-(JP2-Pad2)")
  (net 32 /DAC/MCLK)
  (net 33 "Net-(R1-Pad2)")
  (net 34 "Net-(R2-Pad2)")
  (net 35 "Net-(J3-Pad3)")
  (net 36 "Net-(J3-Pad2)")
  (net 37 /DAC/MUTE)
  (net 38 "Net-(R7-Pad1)")
  (net 39 "Net-(R9-Pad2)")
  (net 40 /DAC/RIGHT)
  (net 41 "Net-(R10-Pad2)")
  (net 42 "Net-(C4-Pad1)")
  (net 43 "Net-(C3-Pad2)")
  (net 44 "Net-(C3-Pad1)")
  (net 45 "Net-(U1-Pad13)")
  (net 46 "Net-(C11-Pad1)")
  (net 47 "Net-(C11-Pad2)")
  (net 48 "Net-(C12-Pad1)")

  (net_class Default "This is the default net class."
    (clearance 0.2)
    (trace_width 0.25)
    (via_dia 0.8)
    (via_drill 0.4)
    (uvia_dia 0.3)
    (uvia_drill 0.1)
    (add_net +3V3)
    (add_net +5V)
    (add_net -5V)
    (add_net /D64)
    (add_net /DAC/BCLK)
    (add_net /DAC/DIN)
    (add_net /DAC/LEFT)
    (add_net /DAC/LRCLK)
    (add_net /DAC/MCLK)
    (add_net /DAC/MUTE)
    (add_net /DAC/RIGHT)
    (add_net /DSDOE)
    (add_net /F0)
    (add_net /F1)
    (add_net /F2)
    (add_net /F3)
    (add_net /MUTE)
    (add_net /SPDIF)
    (add_net GND)
    (add_net "Net-(C1-Pad1)")
    (add_net "Net-(C10-Pad1)")
    (add_net "Net-(C11-Pad1)")
    (add_net "Net-(C11-Pad2)")
    (add_net "Net-(C12-Pad1)")
    (add_net "Net-(C13-Pad1)")
    (add_net "Net-(C2-Pad1)")
    (add_net "Net-(C3-Pad1)")
    (add_net "Net-(C3-Pad2)")
    (add_net "Net-(C4-Pad1)")
    (add_net "Net-(C9-Pad1)")
    (add_net "Net-(IC1-Pad5)")
    (add_net "Net-(IC1-Pad7)")
    (add_net "Net-(IC2-Pad1)")
    (add_net "Net-(IC2-Pad7)")
    (add_net "Net-(J1-Pad10)")
    (add_net "Net-(J1-Pad18)")
    (add_net "Net-(J1-Pad2)")
    (add_net "Net-(J1-Pad20)")
    (add_net "Net-(J3-Pad2)")
    (add_net "Net-(J3-Pad3)")
    (add_net "Net-(JP1-Pad2)")
    (add_net "Net-(JP2-Pad2)")
    (add_net "Net-(R1-Pad2)")
    (add_net "Net-(R10-Pad2)")
    (add_net "Net-(R2-Pad2)")
    (add_net "Net-(R7-Pad1)")
    (add_net "Net-(R9-Pad2)")
    (add_net "Net-(U1-Pad13)")
  )

  (module Capacitor_SMD:C_0603_1608Metric (layer F.Cu) (tedit 5B301BBE) (tstamp 5D3E0A96)
    (at 181.505001 77.585001)
    (descr "Capacitor SMD 0603 (1608 Metric), square (rectangular) end terminal, IPC_7351 nominal, (Body size source: http://www.tortai-tech.com/upload/download/2011102023233369053.pdf), generated with kicad-footprint-generator")
    (tags capacitor)
    (path /5D3D9E6F/5D43B3A7)
    (attr smd)
    (fp_text reference C9 (at 0 -1.43) (layer F.SilkS)
      (effects (font (size 1 1) (thickness 0.15)))
    )
    (fp_text value 100n (at 0 1.43) (layer F.Fab)
      (effects (font (size 1 1) (thickness 0.15)))
    )
    (fp_text user %R (at 0 0) (layer F.Fab)
      (effects (font (size 0.4 0.4) (thickness 0.06)))
    )
    (fp_line (start 1.48 0.73) (end -1.48 0.73) (layer F.CrtYd) (width 0.05))
    (fp_line (start 1.48 -0.73) (end 1.48 0.73) (layer F.CrtYd) (width 0.05))
    (fp_line (start -1.48 -0.73) (end 1.48 -0.73) (layer F.CrtYd) (width 0.05))
    (fp_line (start -1.48 0.73) (end -1.48 -0.73) (layer F.CrtYd) (width 0.05))
    (fp_line (start -0.162779 0.51) (end 0.162779 0.51) (layer F.SilkS) (width 0.12))
    (fp_line (start -0.162779 -0.51) (end 0.162779 -0.51) (layer F.SilkS) (width 0.12))
    (fp_line (start 0.8 0.4) (end -0.8 0.4) (layer F.Fab) (width 0.1))
    (fp_line (start 0.8 -0.4) (end 0.8 0.4) (layer F.Fab) (width 0.1))
    (fp_line (start -0.8 -0.4) (end 0.8 -0.4) (layer F.Fab) (width 0.1))
    (fp_line (start -0.8 0.4) (end -0.8 -0.4) (layer F.Fab) (width 0.1))
    (pad 2 smd roundrect (at 0.7875 0) (size 0.875 0.95) (layers F.Cu F.Paste F.Mask) (roundrect_rratio 0.25)
      (net 1 GND))
    (pad 1 smd roundrect (at -0.7875 0) (size 0.875 0.95) (layers F.Cu F.Paste F.Mask) (roundrect_rratio 0.25)
      (net 2 "Net-(C9-Pad1)"))
    (model ${KISYS3DMOD}/Capacitor_SMD.3dshapes/C_0603_1608Metric.wrl
      (at (xyz 0 0 0))
      (scale (xyz 1 1 1))
      (rotate (xyz 0 0 0))
    )
  )

  (module Capacitor_SMD:C_0603_1608Metric (layer F.Cu) (tedit 5B301BBE) (tstamp 5D3E0AA7)
    (at 173.005001 81.625001)
    (descr "Capacitor SMD 0603 (1608 Metric), square (rectangular) end terminal, IPC_7351 nominal, (Body size source: http://www.tortai-tech.com/upload/download/2011102023233369053.pdf), generated with kicad-footprint-generator")
    (tags capacitor)
    (path /5D3D9E6F/5D43B3AD)
    (attr smd)
    (fp_text reference C10 (at 0 -1.43) (layer F.SilkS)
      (effects (font (size 1 1) (thickness 0.15)))
    )
    (fp_text value 100n (at 0 1.43) (layer F.Fab)
      (effects (font (size 1 1) (thickness 0.15)))
    )
    (fp_line (start -0.8 0.4) (end -0.8 -0.4) (layer F.Fab) (width 0.1))
    (fp_line (start -0.8 -0.4) (end 0.8 -0.4) (layer F.Fab) (width 0.1))
    (fp_line (start 0.8 -0.4) (end 0.8 0.4) (layer F.Fab) (width 0.1))
    (fp_line (start 0.8 0.4) (end -0.8 0.4) (layer F.Fab) (width 0.1))
    (fp_line (start -0.162779 -0.51) (end 0.162779 -0.51) (layer F.SilkS) (width 0.12))
    (fp_line (start -0.162779 0.51) (end 0.162779 0.51) (layer F.SilkS) (width 0.12))
    (fp_line (start -1.48 0.73) (end -1.48 -0.73) (layer F.CrtYd) (width 0.05))
    (fp_line (start -1.48 -0.73) (end 1.48 -0.73) (layer F.CrtYd) (width 0.05))
    (fp_line (start 1.48 -0.73) (end 1.48 0.73) (layer F.CrtYd) (width 0.05))
    (fp_line (start 1.48 0.73) (end -1.48 0.73) (layer F.CrtYd) (width 0.05))
    (fp_text user %R (at 0 0) (layer F.Fab)
      (effects (font (size 0.4 0.4) (thickness 0.06)))
    )
    (pad 1 smd roundrect (at -0.7875 0) (size 0.875 0.95) (layers F.Cu F.Paste F.Mask) (roundrect_rratio 0.25)
      (net 3 "Net-(C10-Pad1)"))
    (pad 2 smd roundrect (at 0.7875 0) (size 0.875 0.95) (layers F.Cu F.Paste F.Mask) (roundrect_rratio 0.25)
      (net 1 GND))
    (model ${KISYS3DMOD}/Capacitor_SMD.3dshapes/C_0603_1608Metric.wrl
      (at (xyz 0 0 0))
      (scale (xyz 1 1 1))
      (rotate (xyz 0 0 0))
    )
  )

  (module Capacitor_SMD:C_0603_1608Metric (layer F.Cu) (tedit 5B301BBE) (tstamp 5D3E0AB8)
    (at 126.055001 139.255001)
    (descr "Capacitor SMD 0603 (1608 Metric), square (rectangular) end terminal, IPC_7351 nominal, (Body size source: http://www.tortai-tech.com/upload/download/2011102023233369053.pdf), generated with kicad-footprint-generator")
    (tags capacitor)
    (path /5D41DA57/5D428091)
    (attr smd)
    (fp_text reference C13 (at 0 -1.43) (layer F.SilkS)
      (effects (font (size 1 1) (thickness 0.15)))
    )
    (fp_text value 100n (at 0 1.43) (layer F.Fab)
      (effects (font (size 1 1) (thickness 0.15)))
    )
    (fp_text user %R (at 0 0) (layer F.Fab)
      (effects (font (size 0.4 0.4) (thickness 0.06)))
    )
    (fp_line (start 1.48 0.73) (end -1.48 0.73) (layer F.CrtYd) (width 0.05))
    (fp_line (start 1.48 -0.73) (end 1.48 0.73) (layer F.CrtYd) (width 0.05))
    (fp_line (start -1.48 -0.73) (end 1.48 -0.73) (layer F.CrtYd) (width 0.05))
    (fp_line (start -1.48 0.73) (end -1.48 -0.73) (layer F.CrtYd) (width 0.05))
    (fp_line (start -0.162779 0.51) (end 0.162779 0.51) (layer F.SilkS) (width 0.12))
    (fp_line (start -0.162779 -0.51) (end 0.162779 -0.51) (layer F.SilkS) (width 0.12))
    (fp_line (start 0.8 0.4) (end -0.8 0.4) (layer F.Fab) (width 0.1))
    (fp_line (start 0.8 -0.4) (end 0.8 0.4) (layer F.Fab) (width 0.1))
    (fp_line (start -0.8 -0.4) (end 0.8 -0.4) (layer F.Fab) (width 0.1))
    (fp_line (start -0.8 0.4) (end -0.8 -0.4) (layer F.Fab) (width 0.1))
    (pad 2 smd roundrect (at 0.7875 0) (size 0.875 0.95) (layers F.Cu F.Paste F.Mask) (roundrect_rratio 0.25)
      (net 1 GND))
    (pad 1 smd roundrect (at -0.7875 0) (size 0.875 0.95) (layers F.Cu F.Paste F.Mask) (roundrect_rratio 0.25)
      (net 4 "Net-(C13-Pad1)"))
    (model ${KISYS3DMOD}/Capacitor_SMD.3dshapes/C_0603_1608Metric.wrl
      (at (xyz 0 0 0))
      (scale (xyz 1 1 1))
      (rotate (xyz 0 0 0))
    )
  )

  (module Capacitor_SMD:C_0603_1608Metric (layer F.Cu) (tedit 5B301BBE) (tstamp 5D3E0AC9)
    (at 117.105001 147.405001)
    (descr "Capacitor SMD 0603 (1608 Metric), square (rectangular) end terminal, IPC_7351 nominal, (Body size source: http://www.tortai-tech.com/upload/download/2011102023233369053.pdf), generated with kicad-footprint-generator")
    (tags capacitor)
    (path /5D41DA57/5D428361)
    (attr smd)
    (fp_text reference C16 (at 0 -1.43) (layer F.SilkS)
      (effects (font (size 1 1) (thickness 0.15)))
    )
    (fp_text value 100n (at 0 1.43) (layer F.Fab)
      (effects (font (size 1 1) (thickness 0.15)))
    )
    (fp_line (start -0.8 0.4) (end -0.8 -0.4) (layer F.Fab) (width 0.1))
    (fp_line (start -0.8 -0.4) (end 0.8 -0.4) (layer F.Fab) (width 0.1))
    (fp_line (start 0.8 -0.4) (end 0.8 0.4) (layer F.Fab) (width 0.1))
    (fp_line (start 0.8 0.4) (end -0.8 0.4) (layer F.Fab) (width 0.1))
    (fp_line (start -0.162779 -0.51) (end 0.162779 -0.51) (layer F.SilkS) (width 0.12))
    (fp_line (start -0.162779 0.51) (end 0.162779 0.51) (layer F.SilkS) (width 0.12))
    (fp_line (start -1.48 0.73) (end -1.48 -0.73) (layer F.CrtYd) (width 0.05))
    (fp_line (start -1.48 -0.73) (end 1.48 -0.73) (layer F.CrtYd) (width 0.05))
    (fp_line (start 1.48 -0.73) (end 1.48 0.73) (layer F.CrtYd) (width 0.05))
    (fp_line (start 1.48 0.73) (end -1.48 0.73) (layer F.CrtYd) (width 0.05))
    (fp_text user %R (at 0 0) (layer F.Fab)
      (effects (font (size 0.4 0.4) (thickness 0.06)))
    )
    (pad 1 smd roundrect (at -0.7875 0) (size 0.875 0.95) (layers F.Cu F.Paste F.Mask) (roundrect_rratio 0.25)
      (net 5 +3V3))
    (pad 2 smd roundrect (at 0.7875 0) (size 0.875 0.95) (layers F.Cu F.Paste F.Mask) (roundrect_rratio 0.25)
      (net 1 GND))
    (model ${KISYS3DMOD}/Capacitor_SMD.3dshapes/C_0603_1608Metric.wrl
      (at (xyz 0 0 0))
      (scale (xyz 1 1 1))
      (rotate (xyz 0 0 0))
    )
  )

  (module Capacitor_SMD:C_0603_1608Metric (layer F.Cu) (tedit 5B301BBE) (tstamp 5D3E0ADA)
    (at 111.815001 148.955001)
    (descr "Capacitor SMD 0603 (1608 Metric), square (rectangular) end terminal, IPC_7351 nominal, (Body size source: http://www.tortai-tech.com/upload/download/2011102023233369053.pdf), generated with kicad-footprint-generator")
    (tags capacitor)
    (path /5D41DA57/5D4285E4)
    (attr smd)
    (fp_text reference C17 (at 0 -1.43) (layer F.SilkS)
      (effects (font (size 1 1) (thickness 0.15)))
    )
    (fp_text value 100n (at 0 1.43) (layer F.Fab)
      (effects (font (size 1 1) (thickness 0.15)))
    )
    (fp_line (start -0.8 0.4) (end -0.8 -0.4) (layer F.Fab) (width 0.1))
    (fp_line (start -0.8 -0.4) (end 0.8 -0.4) (layer F.Fab) (width 0.1))
    (fp_line (start 0.8 -0.4) (end 0.8 0.4) (layer F.Fab) (width 0.1))
    (fp_line (start 0.8 0.4) (end -0.8 0.4) (layer F.Fab) (width 0.1))
    (fp_line (start -0.162779 -0.51) (end 0.162779 -0.51) (layer F.SilkS) (width 0.12))
    (fp_line (start -0.162779 0.51) (end 0.162779 0.51) (layer F.SilkS) (width 0.12))
    (fp_line (start -1.48 0.73) (end -1.48 -0.73) (layer F.CrtYd) (width 0.05))
    (fp_line (start -1.48 -0.73) (end 1.48 -0.73) (layer F.CrtYd) (width 0.05))
    (fp_line (start 1.48 -0.73) (end 1.48 0.73) (layer F.CrtYd) (width 0.05))
    (fp_line (start 1.48 0.73) (end -1.48 0.73) (layer F.CrtYd) (width 0.05))
    (fp_text user %R (at 0 0) (layer F.Fab)
      (effects (font (size 0.4 0.4) (thickness 0.06)))
    )
    (pad 1 smd roundrect (at -0.7875 0) (size 0.875 0.95) (layers F.Cu F.Paste F.Mask) (roundrect_rratio 0.25)
      (net 5 +3V3))
    (pad 2 smd roundrect (at 0.7875 0) (size 0.875 0.95) (layers F.Cu F.Paste F.Mask) (roundrect_rratio 0.25)
      (net 1 GND))
    (model ${KISYS3DMOD}/Capacitor_SMD.3dshapes/C_0603_1608Metric.wrl
      (at (xyz 0 0 0))
      (scale (xyz 1 1 1))
      (rotate (xyz 0 0 0))
    )
  )

  (module Capacitor_SMD:C_0603_1608Metric (layer F.Cu) (tedit 5B301BBE) (tstamp 5D3E0AEB)
    (at 107.805001 148.955001)
    (descr "Capacitor SMD 0603 (1608 Metric), square (rectangular) end terminal, IPC_7351 nominal, (Body size source: http://www.tortai-tech.com/upload/download/2011102023233369053.pdf), generated with kicad-footprint-generator")
    (tags capacitor)
    (path /5D41DA57/5D42884D)
    (attr smd)
    (fp_text reference C18 (at 0 -1.43) (layer F.SilkS)
      (effects (font (size 1 1) (thickness 0.15)))
    )
    (fp_text value 100n (at 0 1.43) (layer F.Fab)
      (effects (font (size 1 1) (thickness 0.15)))
    )
    (fp_text user %R (at 0 0) (layer F.Fab)
      (effects (font (size 0.4 0.4) (thickness 0.06)))
    )
    (fp_line (start 1.48 0.73) (end -1.48 0.73) (layer F.CrtYd) (width 0.05))
    (fp_line (start 1.48 -0.73) (end 1.48 0.73) (layer F.CrtYd) (width 0.05))
    (fp_line (start -1.48 -0.73) (end 1.48 -0.73) (layer F.CrtYd) (width 0.05))
    (fp_line (start -1.48 0.73) (end -1.48 -0.73) (layer F.CrtYd) (width 0.05))
    (fp_line (start -0.162779 0.51) (end 0.162779 0.51) (layer F.SilkS) (width 0.12))
    (fp_line (start -0.162779 -0.51) (end 0.162779 -0.51) (layer F.SilkS) (width 0.12))
    (fp_line (start 0.8 0.4) (end -0.8 0.4) (layer F.Fab) (width 0.1))
    (fp_line (start 0.8 -0.4) (end 0.8 0.4) (layer F.Fab) (width 0.1))
    (fp_line (start -0.8 -0.4) (end 0.8 -0.4) (layer F.Fab) (width 0.1))
    (fp_line (start -0.8 0.4) (end -0.8 -0.4) (layer F.Fab) (width 0.1))
    (pad 2 smd roundrect (at 0.7875 0) (size 0.875 0.95) (layers F.Cu F.Paste F.Mask) (roundrect_rratio 0.25)
      (net 1 GND))
    (pad 1 smd roundrect (at -0.7875 0) (size 0.875 0.95) (layers F.Cu F.Paste F.Mask) (roundrect_rratio 0.25)
      (net 5 +3V3))
    (model ${KISYS3DMOD}/Capacitor_SMD.3dshapes/C_0603_1608Metric.wrl
      (at (xyz 0 0 0))
      (scale (xyz 1 1 1))
      (rotate (xyz 0 0 0))
    )
  )

  (module SamacSys_PCB_Library:SON65P200X200X80-7N (layer F.Cu) (tedit 0) (tstamp 5D3E0B01)
    (at 112.155001 156.475001)
    (descr DRV0006A_1)
    (tags "Integrated Circuit")
    (path /5D3D9E16/5D3EBE78)
    (attr smd)
    (fp_text reference IC1 (at 0 0) (layer F.SilkS)
      (effects (font (size 1.27 1.27) (thickness 0.254)))
    )
    (fp_text value TPS61240IDRVRQ1 (at 0 0) (layer F.SilkS) hide
      (effects (font (size 1.27 1.27) (thickness 0.254)))
    )
    (fp_text user %R (at 0 0) (layer F.Fab)
      (effects (font (size 1.27 1.27) (thickness 0.254)))
    )
    (fp_line (start -1.6 -1.3) (end 1.6 -1.3) (layer F.CrtYd) (width 0.05))
    (fp_line (start 1.6 -1.3) (end 1.6 1.3) (layer F.CrtYd) (width 0.05))
    (fp_line (start 1.6 1.3) (end -1.6 1.3) (layer F.CrtYd) (width 0.05))
    (fp_line (start -1.6 1.3) (end -1.6 -1.3) (layer F.CrtYd) (width 0.05))
    (fp_line (start -1 -1) (end 1 -1) (layer F.Fab) (width 0.1))
    (fp_line (start 1 -1) (end 1 1) (layer F.Fab) (width 0.1))
    (fp_line (start 1 1) (end -1 1) (layer F.Fab) (width 0.1))
    (fp_line (start -1 1) (end -1 -1) (layer F.Fab) (width 0.1))
    (fp_line (start -1 -0.5) (end -0.5 -1) (layer F.Fab) (width 0.1))
    (fp_circle (center -1.35 -1.325) (end -1.35 -1.2) (layer F.SilkS) (width 0.25))
    (pad 1 smd rect (at -1.05 -0.65 90) (size 0.35 0.6) (layers F.Cu F.Paste F.Mask)
      (net 1 GND))
    (pad 2 smd rect (at -1.05 0 90) (size 0.35 0.6) (layers F.Cu F.Paste F.Mask)
      (net 6 "Net-(C2-Pad1)"))
    (pad 3 smd rect (at -1.05 0.65 90) (size 0.35 0.6) (layers F.Cu F.Paste F.Mask)
      (net 6 "Net-(C2-Pad1)"))
    (pad 4 smd rect (at 1.05 0.65 90) (size 0.35 0.6) (layers F.Cu F.Paste F.Mask)
      (net 7 "Net-(C1-Pad1)"))
    (pad 5 smd rect (at 1.05 0 90) (size 0.35 0.6) (layers F.Cu F.Paste F.Mask)
      (net 8 "Net-(IC1-Pad5)"))
    (pad 6 smd rect (at 1.05 -0.65 90) (size 0.35 0.6) (layers F.Cu F.Paste F.Mask)
      (net 7 "Net-(C1-Pad1)"))
    (pad 7 smd rect (at 0 0) (size 1.1 1.7) (layers F.Cu F.Paste F.Mask)
      (net 9 "Net-(IC1-Pad7)"))
    (model C:\SamacSys_PCB_Library\KiCad\SamacSys_Parts.3dshapes\TPS61240IDRVRQ1.stp
      (at (xyz 0 0 0))
      (scale (xyz 1 1 1))
      (rotate (xyz 0 0 0))
    )
  )

  (module SamacSys_PCB_Library:SOIC127P600X175-8N (layer F.Cu) (tedit 0) (tstamp 5D3E0B1C)
    (at 175.250001 77.095001)
    (descr "SOIC (D) | 8")
    (tags "Integrated Circuit")
    (path /5D3D9E6F/5D3DA719)
    (attr smd)
    (fp_text reference IC2 (at 0 0) (layer F.SilkS)
      (effects (font (size 1.27 1.27) (thickness 0.254)))
    )
    (fp_text value DRV135UA_2K5 (at 0 0) (layer F.SilkS) hide
      (effects (font (size 1.27 1.27) (thickness 0.254)))
    )
    (fp_text user %R (at 0 0) (layer F.Fab)
      (effects (font (size 1.27 1.27) (thickness 0.254)))
    )
    (fp_line (start -3.725 -2.75) (end 3.725 -2.75) (layer F.CrtYd) (width 0.05))
    (fp_line (start 3.725 -2.75) (end 3.725 2.75) (layer F.CrtYd) (width 0.05))
    (fp_line (start 3.725 2.75) (end -3.725 2.75) (layer F.CrtYd) (width 0.05))
    (fp_line (start -3.725 2.75) (end -3.725 -2.75) (layer F.CrtYd) (width 0.05))
    (fp_line (start -1.95 -2.45) (end 1.95 -2.45) (layer F.Fab) (width 0.1))
    (fp_line (start 1.95 -2.45) (end 1.95 2.45) (layer F.Fab) (width 0.1))
    (fp_line (start 1.95 2.45) (end -1.95 2.45) (layer F.Fab) (width 0.1))
    (fp_line (start -1.95 2.45) (end -1.95 -2.45) (layer F.Fab) (width 0.1))
    (fp_line (start -1.95 -1.18) (end -0.68 -2.45) (layer F.Fab) (width 0.1))
    (fp_line (start -1.6 -2.45) (end 1.6 -2.45) (layer F.SilkS) (width 0.2))
    (fp_line (start 1.6 -2.45) (end 1.6 2.45) (layer F.SilkS) (width 0.2))
    (fp_line (start 1.6 2.45) (end -1.6 2.45) (layer F.SilkS) (width 0.2))
    (fp_line (start -1.6 2.45) (end -1.6 -2.45) (layer F.SilkS) (width 0.2))
    (fp_line (start -3.475 -2.58) (end -1.95 -2.58) (layer F.SilkS) (width 0.2))
    (pad 1 smd rect (at -2.712 -1.905 90) (size 0.65 1.525) (layers F.Cu F.Paste F.Mask)
      (net 10 "Net-(IC2-Pad1)"))
    (pad 2 smd rect (at -2.712 -0.635 90) (size 0.65 1.525) (layers F.Cu F.Paste F.Mask)
      (net 10 "Net-(IC2-Pad1)"))
    (pad 3 smd rect (at -2.712 0.635 90) (size 0.65 1.525) (layers F.Cu F.Paste F.Mask)
      (net 1 GND))
    (pad 4 smd rect (at -2.712 1.905 90) (size 0.65 1.525) (layers F.Cu F.Paste F.Mask)
      (net 11 /DAC/LEFT))
    (pad 5 smd rect (at 2.712 1.905 90) (size 0.65 1.525) (layers F.Cu F.Paste F.Mask)
      (net 12 -5V))
    (pad 6 smd rect (at 2.712 0.635 90) (size 0.65 1.525) (layers F.Cu F.Paste F.Mask)
      (net 13 +5V))
    (pad 7 smd rect (at 2.712 -0.635 90) (size 0.65 1.525) (layers F.Cu F.Paste F.Mask)
      (net 14 "Net-(IC2-Pad7)"))
    (pad 8 smd rect (at 2.712 -1.905 90) (size 0.65 1.525) (layers F.Cu F.Paste F.Mask)
      (net 14 "Net-(IC2-Pad7)"))
    (model C:\SamacSys_PCB_Library\KiCad\SamacSys_Parts.3dshapes\DRV135UA_2K5.stp
      (at (xyz 0 0 0))
      (scale (xyz 1 1 1))
      (rotate (xyz 0 0 0))
    )
  )

  (module BalancedAudioBox:XMOS_USB_Board_2x10_P2.54mm (layer F.Cu) (tedit 5D3DA514) (tstamp 5D3E0B5A)
    (at 122 107.5 270)
    (descr "Through hole straight pin header, 2x10, 2.54mm pitch, double rows")
    (tags "Through hole pin header THT 2x10 2.54mm double row")
    (path /5D43FB9A)
    (fp_text reference J1 (at -5.08 -1.27 90) (layer F.SilkS)
      (effects (font (size 1 1) (thickness 0.15)))
    )
    (fp_text value Conn_02x10_Odd_Even (at -25.4 22.86 90) (layer F.Fab)
      (effects (font (size 1 1) (thickness 0.15)))
    )
    (fp_text user %R (at -35.56 25.4 90) (layer F.Fab)
      (effects (font (size 1 1) (thickness 0.15)))
    )
    (fp_line (start 4.35 -1.8) (end -1.8 -1.8) (layer F.CrtYd) (width 0.05))
    (fp_line (start 4.35 24.65) (end 4.35 -1.8) (layer F.CrtYd) (width 0.05))
    (fp_line (start -1.8 24.65) (end 4.35 24.65) (layer F.CrtYd) (width 0.05))
    (fp_line (start -1.8 -1.8) (end -1.8 24.65) (layer F.CrtYd) (width 0.05))
    (fp_line (start -1.33 -1.33) (end 0 -1.33) (layer F.SilkS) (width 0.12))
    (fp_line (start -1.33 0) (end -1.33 -1.33) (layer F.SilkS) (width 0.12))
    (fp_line (start 1.27 -1.33) (end 3.87 -1.33) (layer F.SilkS) (width 0.12))
    (fp_line (start 1.27 1.27) (end 1.27 -1.33) (layer F.SilkS) (width 0.12))
    (fp_line (start -1.33 1.27) (end 1.27 1.27) (layer F.SilkS) (width 0.12))
    (fp_line (start 3.87 -1.33) (end 3.87 24.19) (layer F.SilkS) (width 0.12))
    (fp_line (start -1.33 1.27) (end -1.33 24.19) (layer F.SilkS) (width 0.12))
    (fp_line (start -1.33 24.19) (end 3.87 24.19) (layer F.SilkS) (width 0.12))
    (fp_line (start -1.27 0) (end 0 -1.27) (layer F.Fab) (width 0.1))
    (fp_line (start -1.27 24.13) (end -1.27 0) (layer F.Fab) (width 0.1))
    (fp_line (start 3.81 24.13) (end -1.27 24.13) (layer F.Fab) (width 0.1))
    (fp_line (start 3.81 -1.27) (end 3.81 24.13) (layer F.Fab) (width 0.1))
    (fp_line (start 0 -1.27) (end 3.81 -1.27) (layer F.Fab) (width 0.1))
    (fp_line (start 0 0) (end 0 -3.81) (layer F.SilkS) (width 0.12))
    (fp_line (start -58.42 -3.81) (end 10.16 -3.81) (layer F.SilkS) (width 0.12))
    (fp_line (start -58.42 26.67) (end 10.16 26.67) (layer F.SilkS) (width 0.12))
    (fp_line (start 10.16 26.67) (end 10.16 -3.81) (layer F.SilkS) (width 0.12))
    (fp_line (start -58.42 5.08) (end -63.5 5.08) (layer F.SilkS) (width 0.12))
    (fp_line (start -63.5 5.08) (end -63.5 17.78) (layer F.SilkS) (width 0.12))
    (fp_line (start -63.5 17.78) (end -58.42 17.78) (layer F.SilkS) (width 0.12))
    (fp_line (start -63.5 5.08) (end -46.99 5.08) (layer F.SilkS) (width 0.12))
    (fp_line (start -46.99 5.08) (end -46.99 17.78) (layer F.SilkS) (width 0.12))
    (fp_line (start -46.99 17.78) (end -63.5 17.78) (layer F.SilkS) (width 0.12))
    (fp_line (start -58.42 26.67) (end -58.42 17.78) (layer F.SilkS) (width 0.12))
    (fp_line (start -58.42 -3.81) (end -58.42 5.08) (layer F.SilkS) (width 0.12))
    (fp_line (start -35.56 5.08) (end -22.86 5.08) (layer F.SilkS) (width 0.12))
    (fp_line (start -22.86 5.08) (end -22.86 17.78) (layer F.SilkS) (width 0.12))
    (fp_line (start -22.86 17.78) (end -35.56 17.78) (layer F.SilkS) (width 0.12))
    (fp_line (start -35.56 17.78) (end -35.56 5.08) (layer F.SilkS) (width 0.12))
    (pad 20 thru_hole oval (at 2.54 22.86 270) (size 1.7 1.7) (drill 1) (layers *.Cu *.Mask)
      (net 15 "Net-(J1-Pad20)"))
    (pad 19 thru_hole oval (at 0 22.86 270) (size 1.7 1.7) (drill 1) (layers *.Cu *.Mask)
      (net 16 /SPDIF))
    (pad 18 thru_hole oval (at 2.54 20.32 270) (size 1.7 1.7) (drill 1) (layers *.Cu *.Mask)
      (net 17 "Net-(J1-Pad18)"))
    (pad 17 thru_hole oval (at 0 20.32 270) (size 1.7 1.7) (drill 1) (layers *.Cu *.Mask)
      (net 18 /MUTE))
    (pad 16 thru_hole oval (at 2.54 17.78 270) (size 1.7 1.7) (drill 1) (layers *.Cu *.Mask)
      (net 19 /DAC/DIN))
    (pad 15 thru_hole oval (at 0 17.78 270) (size 1.7 1.7) (drill 1) (layers *.Cu *.Mask)
      (net 1 GND))
    (pad 14 thru_hole oval (at 2.54 15.24 270) (size 1.7 1.7) (drill 1) (layers *.Cu *.Mask)
      (net 20 /DAC/BCLK))
    (pad 13 thru_hole oval (at 0 15.24 270) (size 1.7 1.7) (drill 1) (layers *.Cu *.Mask)
      (net 1 GND))
    (pad 12 thru_hole oval (at 2.54 12.7 270) (size 1.7 1.7) (drill 1) (layers *.Cu *.Mask)
      (net 21 /DAC/LRCLK))
    (pad 11 thru_hole oval (at 0 12.7 270) (size 1.7 1.7) (drill 1) (layers *.Cu *.Mask)
      (net 1 GND))
    (pad 10 thru_hole oval (at 2.54 10.16 270) (size 1.7 1.7) (drill 1) (layers *.Cu *.Mask)
      (net 22 "Net-(J1-Pad10)"))
    (pad 9 thru_hole oval (at 0 10.16 270) (size 1.7 1.7) (drill 1) (layers *.Cu *.Mask)
      (net 23 /D64))
    (pad 8 thru_hole oval (at 2.54 7.62 270) (size 1.7 1.7) (drill 1) (layers *.Cu *.Mask)
      (net 24 /DSDOE))
    (pad 7 thru_hole oval (at 0 7.62 270) (size 1.7 1.7) (drill 1) (layers *.Cu *.Mask)
      (net 25 /F0))
    (pad 6 thru_hole oval (at 2.54 5.08 270) (size 1.7 1.7) (drill 1) (layers *.Cu *.Mask)
      (net 1 GND))
    (pad 5 thru_hole oval (at 0 5.08 270) (size 1.7 1.7) (drill 1) (layers *.Cu *.Mask)
      (net 26 /F1))
    (pad 4 thru_hole oval (at 2.54 2.54 270) (size 1.7 1.7) (drill 1) (layers *.Cu *.Mask)
      (net 5 +3V3))
    (pad 3 thru_hole oval (at 0 2.54 270) (size 1.7 1.7) (drill 1) (layers *.Cu *.Mask)
      (net 27 /F2))
    (pad 2 thru_hole oval (at 2.54 0 270) (size 1.7 1.7) (drill 1) (layers *.Cu *.Mask)
      (net 28 "Net-(J1-Pad2)"))
    (pad 1 thru_hole rect (at 0 0 270) (size 1.7 1.7) (drill 1) (layers *.Cu *.Mask)
      (net 29 /F3))
    (pad 21 thru_hole circle (at -55.88 24.13 270) (size 4.5 4.5) (drill 3) (layers *.Cu *.Mask))
    (pad 22 thru_hole circle (at 7.62 24.13 270) (size 4.5 4.5) (drill 3) (layers *.Cu *.Mask))
    (pad 23 thru_hole circle (at -55.88 -1.27 270) (size 4.5 4.5) (drill 3) (layers *.Cu *.Mask))
    (pad 24 thru_hole circle (at 7.62 -1.27 270) (size 4.5 4.5) (drill 3) (layers *.Cu *.Mask))
    (model ${KISYS3DMOD}/Connector_PinHeader_2.54mm.3dshapes/PinHeader_2x10_P2.54mm_Vertical.wrl
      (at (xyz 0 0 0))
      (scale (xyz 1 1 1))
      (rotate (xyz 0 0 0))
    )
  )

  (module Connector_PinHeader_2.54mm:PinHeader_1x03_P2.54mm_Vertical (layer F.Cu) (tedit 59FED5CC) (tstamp 5D3E0B71)
    (at 112.775001 140.325001)
    (descr "Through hole straight pin header, 1x03, 2.54mm pitch, single row")
    (tags "Through hole pin header THT 1x03 2.54mm single row")
    (path /5D41DA57/5D45825E)
    (fp_text reference JP1 (at 0 -2.33) (layer F.SilkS)
      (effects (font (size 1 1) (thickness 0.15)))
    )
    (fp_text value Latency (at 0 7.41) (layer F.Fab)
      (effects (font (size 1 1) (thickness 0.15)))
    )
    (fp_text user %R (at 0 2.54 90) (layer F.Fab)
      (effects (font (size 1 1) (thickness 0.15)))
    )
    (fp_line (start 1.8 -1.8) (end -1.8 -1.8) (layer F.CrtYd) (width 0.05))
    (fp_line (start 1.8 6.85) (end 1.8 -1.8) (layer F.CrtYd) (width 0.05))
    (fp_line (start -1.8 6.85) (end 1.8 6.85) (layer F.CrtYd) (width 0.05))
    (fp_line (start -1.8 -1.8) (end -1.8 6.85) (layer F.CrtYd) (width 0.05))
    (fp_line (start -1.33 -1.33) (end 0 -1.33) (layer F.SilkS) (width 0.12))
    (fp_line (start -1.33 0) (end -1.33 -1.33) (layer F.SilkS) (width 0.12))
    (fp_line (start -1.33 1.27) (end 1.33 1.27) (layer F.SilkS) (width 0.12))
    (fp_line (start 1.33 1.27) (end 1.33 6.41) (layer F.SilkS) (width 0.12))
    (fp_line (start -1.33 1.27) (end -1.33 6.41) (layer F.SilkS) (width 0.12))
    (fp_line (start -1.33 6.41) (end 1.33 6.41) (layer F.SilkS) (width 0.12))
    (fp_line (start -1.27 -0.635) (end -0.635 -1.27) (layer F.Fab) (width 0.1))
    (fp_line (start -1.27 6.35) (end -1.27 -0.635) (layer F.Fab) (width 0.1))
    (fp_line (start 1.27 6.35) (end -1.27 6.35) (layer F.Fab) (width 0.1))
    (fp_line (start 1.27 -1.27) (end 1.27 6.35) (layer F.Fab) (width 0.1))
    (fp_line (start -0.635 -1.27) (end 1.27 -1.27) (layer F.Fab) (width 0.1))
    (pad 3 thru_hole oval (at 0 5.08) (size 1.7 1.7) (drill 1) (layers *.Cu *.Mask)
      (net 5 +3V3))
    (pad 2 thru_hole oval (at 0 2.54) (size 1.7 1.7) (drill 1) (layers *.Cu *.Mask)
      (net 30 "Net-(JP1-Pad2)"))
    (pad 1 thru_hole rect (at 0 0) (size 1.7 1.7) (drill 1) (layers *.Cu *.Mask)
      (net 1 GND))
    (model ${KISYS3DMOD}/Connector_PinHeader_2.54mm.3dshapes/PinHeader_1x03_P2.54mm_Vertical.wrl
      (at (xyz 0 0 0))
      (scale (xyz 1 1 1))
      (rotate (xyz 0 0 0))
    )
  )

  (module Connector_PinHeader_2.54mm:PinHeader_1x03_P2.54mm_Vertical (layer F.Cu) (tedit 59FED5CC) (tstamp 5D3E0B88)
    (at 108.125001 140.325001)
    (descr "Through hole straight pin header, 1x03, 2.54mm pitch, single row")
    (tags "Through hole pin header THT 1x03 2.54mm single row")
    (path /5D41DA57/5D45BA3C)
    (fp_text reference JP2 (at 0 -2.33) (layer F.SilkS)
      (effects (font (size 1 1) (thickness 0.15)))
    )
    (fp_text value De-emphasis (at 0 7.41) (layer F.Fab)
      (effects (font (size 1 1) (thickness 0.15)))
    )
    (fp_line (start -0.635 -1.27) (end 1.27 -1.27) (layer F.Fab) (width 0.1))
    (fp_line (start 1.27 -1.27) (end 1.27 6.35) (layer F.Fab) (width 0.1))
    (fp_line (start 1.27 6.35) (end -1.27 6.35) (layer F.Fab) (width 0.1))
    (fp_line (start -1.27 6.35) (end -1.27 -0.635) (layer F.Fab) (width 0.1))
    (fp_line (start -1.27 -0.635) (end -0.635 -1.27) (layer F.Fab) (width 0.1))
    (fp_line (start -1.33 6.41) (end 1.33 6.41) (layer F.SilkS) (width 0.12))
    (fp_line (start -1.33 1.27) (end -1.33 6.41) (layer F.SilkS) (width 0.12))
    (fp_line (start 1.33 1.27) (end 1.33 6.41) (layer F.SilkS) (width 0.12))
    (fp_line (start -1.33 1.27) (end 1.33 1.27) (layer F.SilkS) (width 0.12))
    (fp_line (start -1.33 0) (end -1.33 -1.33) (layer F.SilkS) (width 0.12))
    (fp_line (start -1.33 -1.33) (end 0 -1.33) (layer F.SilkS) (width 0.12))
    (fp_line (start -1.8 -1.8) (end -1.8 6.85) (layer F.CrtYd) (width 0.05))
    (fp_line (start -1.8 6.85) (end 1.8 6.85) (layer F.CrtYd) (width 0.05))
    (fp_line (start 1.8 6.85) (end 1.8 -1.8) (layer F.CrtYd) (width 0.05))
    (fp_line (start 1.8 -1.8) (end -1.8 -1.8) (layer F.CrtYd) (width 0.05))
    (fp_text user %R (at 0 2.54 90) (layer F.Fab)
      (effects (font (size 1 1) (thickness 0.15)))
    )
    (pad 1 thru_hole rect (at 0 0) (size 1.7 1.7) (drill 1) (layers *.Cu *.Mask)
      (net 1 GND))
    (pad 2 thru_hole oval (at 0 2.54) (size 1.7 1.7) (drill 1) (layers *.Cu *.Mask)
      (net 31 "Net-(JP2-Pad2)"))
    (pad 3 thru_hole oval (at 0 5.08) (size 1.7 1.7) (drill 1) (layers *.Cu *.Mask)
      (net 5 +3V3))
    (model ${KISYS3DMOD}/Connector_PinHeader_2.54mm.3dshapes/PinHeader_1x03_P2.54mm_Vertical.wrl
      (at (xyz 0 0 0))
      (scale (xyz 1 1 1))
      (rotate (xyz 0 0 0))
    )
  )

  (module Jumper:SolderJumper-3_P1.3mm_Bridged12_Pad1.0x1.5mm (layer F.Cu) (tedit 5C756B4C) (tstamp 5D3E0B9B)
    (at 162 112 90)
    (descr "SMD Solder 3-pad Jumper, 1x1.5mm Pads, 0.3mm gap, pads 1-2 bridged with 1 copper strip")
    (tags "solder jumper open")
    (path /5D47A7E1)
    (attr virtual)
    (fp_text reference JP3 (at 0 -1.8 90) (layer F.SilkS)
      (effects (font (size 1 1) (thickness 0.15)))
    )
    (fp_text value "PLL operation" (at 0 2 90) (layer F.Fab)
      (effects (font (size 1 1) (thickness 0.15)))
    )
    (fp_line (start -1.3 1.2) (end -1 1.5) (layer F.SilkS) (width 0.12))
    (fp_line (start -1.6 1.5) (end -1 1.5) (layer F.SilkS) (width 0.12))
    (fp_line (start -1.3 1.2) (end -1.6 1.5) (layer F.SilkS) (width 0.12))
    (fp_line (start -2.05 1) (end -2.05 -1) (layer F.SilkS) (width 0.12))
    (fp_line (start 2.05 1) (end -2.05 1) (layer F.SilkS) (width 0.12))
    (fp_line (start 2.05 -1) (end 2.05 1) (layer F.SilkS) (width 0.12))
    (fp_line (start -2.05 -1) (end 2.05 -1) (layer F.SilkS) (width 0.12))
    (fp_line (start -2.3 -1.25) (end 2.3 -1.25) (layer F.CrtYd) (width 0.05))
    (fp_line (start -2.3 -1.25) (end -2.3 1.25) (layer F.CrtYd) (width 0.05))
    (fp_line (start 2.3 1.25) (end 2.3 -1.25) (layer F.CrtYd) (width 0.05))
    (fp_line (start 2.3 1.25) (end -2.3 1.25) (layer F.CrtYd) (width 0.05))
    (fp_poly (pts (xy -0.9 -0.3) (xy -0.4 -0.3) (xy -0.4 0.3) (xy -0.9 0.3)) (layer F.Cu) (width 0))
    (pad 1 smd rect (at -1.3 0 90) (size 1 1.5) (layers F.Cu F.Mask)
      (net 22 "Net-(J1-Pad10)"))
    (pad 3 smd rect (at 1.3 0 90) (size 1 1.5) (layers F.Cu F.Mask)
      (net 1 GND))
    (pad 2 smd rect (at 0 0 90) (size 1 1.5) (layers F.Cu F.Mask)
      (net 32 /DAC/MCLK))
  )

  (module Resistor_SMD:R_0603_1608Metric (layer F.Cu) (tedit 5B301BBD) (tstamp 5D3E0BAC)
    (at 116.045001 159.555001)
    (descr "Resistor SMD 0603 (1608 Metric), square (rectangular) end terminal, IPC_7351 nominal, (Body size source: http://www.tortai-tech.com/upload/download/2011102023233369053.pdf), generated with kicad-footprint-generator")
    (tags resistor)
    (path /5D3D9E16/5D3F8652)
    (attr smd)
    (fp_text reference R1 (at 0 -1.43) (layer F.SilkS)
      (effects (font (size 1 1) (thickness 0.15)))
    )
    (fp_text value R (at 0 1.43) (layer F.Fab)
      (effects (font (size 1 1) (thickness 0.15)))
    )
    (fp_text user %R (at 0 0) (layer F.Fab)
      (effects (font (size 0.4 0.4) (thickness 0.06)))
    )
    (fp_line (start 1.48 0.73) (end -1.48 0.73) (layer F.CrtYd) (width 0.05))
    (fp_line (start 1.48 -0.73) (end 1.48 0.73) (layer F.CrtYd) (width 0.05))
    (fp_line (start -1.48 -0.73) (end 1.48 -0.73) (layer F.CrtYd) (width 0.05))
    (fp_line (start -1.48 0.73) (end -1.48 -0.73) (layer F.CrtYd) (width 0.05))
    (fp_line (start -0.162779 0.51) (end 0.162779 0.51) (layer F.SilkS) (width 0.12))
    (fp_line (start -0.162779 -0.51) (end 0.162779 -0.51) (layer F.SilkS) (width 0.12))
    (fp_line (start 0.8 0.4) (end -0.8 0.4) (layer F.Fab) (width 0.1))
    (fp_line (start 0.8 -0.4) (end 0.8 0.4) (layer F.Fab) (width 0.1))
    (fp_line (start -0.8 -0.4) (end 0.8 -0.4) (layer F.Fab) (width 0.1))
    (fp_line (start -0.8 0.4) (end -0.8 -0.4) (layer F.Fab) (width 0.1))
    (pad 2 smd roundrect (at 0.7875 0) (size 0.875 0.95) (layers F.Cu F.Paste F.Mask) (roundrect_rratio 0.25)
      (net 33 "Net-(R1-Pad2)"))
    (pad 1 smd roundrect (at -0.7875 0) (size 0.875 0.95) (layers F.Cu F.Paste F.Mask) (roundrect_rratio 0.25)
      (net 13 +5V))
    (model ${KISYS3DMOD}/Resistor_SMD.3dshapes/R_0603_1608Metric.wrl
      (at (xyz 0 0 0))
      (scale (xyz 1 1 1))
      (rotate (xyz 0 0 0))
    )
  )

  (module Resistor_SMD:R_0603_1608Metric (layer F.Cu) (tedit 5B301BBD) (tstamp 5D3E0BBD)
    (at 116.285001 155.655001)
    (descr "Resistor SMD 0603 (1608 Metric), square (rectangular) end terminal, IPC_7351 nominal, (Body size source: http://www.tortai-tech.com/upload/download/2011102023233369053.pdf), generated with kicad-footprint-generator")
    (tags resistor)
    (path /5D3D9E16/5D3FB5AB)
    (attr smd)
    (fp_text reference R2 (at 0 -1.43) (layer F.SilkS)
      (effects (font (size 1 1) (thickness 0.15)))
    )
    (fp_text value R (at 0 1.43) (layer F.Fab)
      (effects (font (size 1 1) (thickness 0.15)))
    )
    (fp_line (start -0.8 0.4) (end -0.8 -0.4) (layer F.Fab) (width 0.1))
    (fp_line (start -0.8 -0.4) (end 0.8 -0.4) (layer F.Fab) (width 0.1))
    (fp_line (start 0.8 -0.4) (end 0.8 0.4) (layer F.Fab) (width 0.1))
    (fp_line (start 0.8 0.4) (end -0.8 0.4) (layer F.Fab) (width 0.1))
    (fp_line (start -0.162779 -0.51) (end 0.162779 -0.51) (layer F.SilkS) (width 0.12))
    (fp_line (start -0.162779 0.51) (end 0.162779 0.51) (layer F.SilkS) (width 0.12))
    (fp_line (start -1.48 0.73) (end -1.48 -0.73) (layer F.CrtYd) (width 0.05))
    (fp_line (start -1.48 -0.73) (end 1.48 -0.73) (layer F.CrtYd) (width 0.05))
    (fp_line (start 1.48 -0.73) (end 1.48 0.73) (layer F.CrtYd) (width 0.05))
    (fp_line (start 1.48 0.73) (end -1.48 0.73) (layer F.CrtYd) (width 0.05))
    (fp_text user %R (at 0 0) (layer F.Fab)
      (effects (font (size 0.4 0.4) (thickness 0.06)))
    )
    (pad 1 smd roundrect (at -0.7875 0) (size 0.875 0.95) (layers F.Cu F.Paste F.Mask) (roundrect_rratio 0.25)
      (net 12 -5V))
    (pad 2 smd roundrect (at 0.7875 0) (size 0.875 0.95) (layers F.Cu F.Paste F.Mask) (roundrect_rratio 0.25)
      (net 34 "Net-(R2-Pad2)"))
    (model ${KISYS3DMOD}/Resistor_SMD.3dshapes/R_0603_1608Metric.wrl
      (at (xyz 0 0 0))
      (scale (xyz 1 1 1))
      (rotate (xyz 0 0 0))
    )
  )

  (module Resistor_SMD:R_0603_1608Metric (layer F.Cu) (tedit 5B301BBD) (tstamp 5D3E0BCE)
    (at 112.035001 159.555001)
    (descr "Resistor SMD 0603 (1608 Metric), square (rectangular) end terminal, IPC_7351 nominal, (Body size source: http://www.tortai-tech.com/upload/download/2011102023233369053.pdf), generated with kicad-footprint-generator")
    (tags resistor)
    (path /5D3D9E16/5D3FB5B1)
    (attr smd)
    (fp_text reference R3 (at 0 -1.43) (layer F.SilkS)
      (effects (font (size 1 1) (thickness 0.15)))
    )
    (fp_text value R (at 0 1.43) (layer F.Fab)
      (effects (font (size 1 1) (thickness 0.15)))
    )
    (fp_text user %R (at 0 0) (layer F.Fab)
      (effects (font (size 0.4 0.4) (thickness 0.06)))
    )
    (fp_line (start 1.48 0.73) (end -1.48 0.73) (layer F.CrtYd) (width 0.05))
    (fp_line (start 1.48 -0.73) (end 1.48 0.73) (layer F.CrtYd) (width 0.05))
    (fp_line (start -1.48 -0.73) (end 1.48 -0.73) (layer F.CrtYd) (width 0.05))
    (fp_line (start -1.48 0.73) (end -1.48 -0.73) (layer F.CrtYd) (width 0.05))
    (fp_line (start -0.162779 0.51) (end 0.162779 0.51) (layer F.SilkS) (width 0.12))
    (fp_line (start -0.162779 -0.51) (end 0.162779 -0.51) (layer F.SilkS) (width 0.12))
    (fp_line (start 0.8 0.4) (end -0.8 0.4) (layer F.Fab) (width 0.1))
    (fp_line (start 0.8 -0.4) (end 0.8 0.4) (layer F.Fab) (width 0.1))
    (fp_line (start -0.8 -0.4) (end 0.8 -0.4) (layer F.Fab) (width 0.1))
    (fp_line (start -0.8 0.4) (end -0.8 -0.4) (layer F.Fab) (width 0.1))
    (pad 2 smd roundrect (at 0.7875 0) (size 0.875 0.95) (layers F.Cu F.Paste F.Mask) (roundrect_rratio 0.25)
      (net 1 GND))
    (pad 1 smd roundrect (at -0.7875 0) (size 0.875 0.95) (layers F.Cu F.Paste F.Mask) (roundrect_rratio 0.25)
      (net 34 "Net-(R2-Pad2)"))
    (model ${KISYS3DMOD}/Resistor_SMD.3dshapes/R_0603_1608Metric.wrl
      (at (xyz 0 0 0))
      (scale (xyz 1 1 1))
      (rotate (xyz 0 0 0))
    )
  )

  (module Resistor_SMD:R_0603_1608Metric (layer F.Cu) (tedit 5B301BBD) (tstamp 5D3E0BDF)
    (at 107.805001 160.485001)
    (descr "Resistor SMD 0603 (1608 Metric), square (rectangular) end terminal, IPC_7351 nominal, (Body size source: http://www.tortai-tech.com/upload/download/2011102023233369053.pdf), generated with kicad-footprint-generator")
    (tags resistor)
